A = [1,0;1,1;1,2];
b = [0.1;0.9;2];
x = A \ b